i300_2

Algorithm Information
Name: Rounding
Idea: 
	Solve the linear relaxation of the SSCFLSO instance.
	For every facility that is open partially, open it completely (aka round everything up).
	This guarantees us a feasible solution.
Parameters: None.
### END OF INFORMATION ###

Solution value: 52085.7

Timelimit in milliseconds: 600000

Time in milliseconds: 60261

[1,0,1,1,0,0,1,0,0,1,0,0,1,0,0,1,0,0,1,1,0,0,0,0,1,1,1,0,0,0,0,0,0,0,1,0,0,0,0,0,1,1,1,0,1,0,0,1,0,0,0,0,1,1,1,1,1,1,1,1,0,1,0,1,0,0,0,0,0,0,0,0,1,1,1,0,0,1,0,0,0,1,0,1,1,1,0,1,0,0,0,0,0,1,0,1,0,1,1,1,1,1,0,0,1,1,1,0,1,0,1,0,1,0,0,1,0,0,1,0,1,0,0,1,0,0,0,0,0,0,1,0,0,1,0,0,0,1,0,1,1,0,0,0,0,0,0,1,0,0,0,1,0,1,0,1,0,0,1,0,0,1,0,1,0,1,1,0,0,0,0,1,0,0,0,0,0,0,0,1,0,1,0,1,0,0,1,0,1,1,0,0,0,0,0,1,1,0,1,0,0,0,0,1,0,1,1,0,0,0,1,0,0,0,0,1,0,0,1,0,0,0,0,0,0,1,0,0,0,0,0,0,0,0,0,1,0,0,0,0,1,0,0,0,0,1,1,1,0,0,1,1,0,0,0,1,0,0,1,0,1,0,0,0,0,1,1,0,1,0,0,0,0,0,1,0,0,0,0,0,1,1,0,0,0,0,1,1,0,0,1,0,0,0,0,1,0,0,0,0]