i300_4

Algorithm Information
Name: Rounding
Idea: 
	Solve the linear relaxation of the SSCFLSO instance.
	For every facility that is open partially, open it completely (aka round everything up).
	This guarantees us a feasible solution.
Parameters: None.
### END OF INFORMATION ###

Solution value: 50304.8

Timelimit in milliseconds: 600000

Time in milliseconds: 59817

[0,1,0,1,0,0,0,0,0,0,0,0,0,1,0,0,0,1,1,1,1,1,0,0,1,0,1,0,0,1,0,0,0,0,0,0,0,0,0,1,0,0,0,0,0,1,0,0,1,1,0,0,0,0,0,0,0,1,0,1,0,0,0,0,1,0,1,0,1,1,0,1,1,0,1,1,0,0,1,0,0,0,0,0,0,0,0,0,1,0,0,0,1,0,0,1,0,1,0,1,1,0,0,0,1,0,0,0,0,1,0,0,0,0,0,1,0,0,1,1,1,1,0,0,1,0,0,1,0,0,1,1,1,0,0,0,0,0,1,1,0,0,0,1,1,0,1,1,1,1,0,0,0,0,0,1,0,0,1,0,1,1,0,0,0,0,0,1,1,0,1,0,0,1,0,1,1,1,1,0,1,0,0,0,0,0,0,0,1,1,1,0,0,1,0,0,0,1,0,0,0,0,0,0,0,0,1,0,1,1,0,0,0,0,0,0,0,0,0,0,0,0,0,0,0,0,1,0,1,1,0,1,0,0,0,1,0,0,1,0,1,1,1,1,0,0,0,0,0,0,0,0,0,1,0,1,0,0,1,0,1,0,0,1,1,0,1,0,0,0,1,1,1,0,1,0,0,0,0,0,0,0,0,1,0,0,0,0,0,0,1,0,0,1,0,1,0,1,0,0]